6.448333333333333695e-01
6.448888888888889559e-01
6.450000000000000178e-01
6.445000000000000728e-01
6.440000000000000169e-01
6.440555555555554923e-01
6.441111111111110787e-01
6.441666666666666652e-01
6.436666666666666092e-01
6.437222222222220847e-01
6.432222222222222507e-01
6.432777777777777262e-01
6.433333333333333126e-01
6.433888888888888991e-01
6.428888888888889541e-01
6.424999999999999600e-01
6.425555555555555465e-01
6.426111111111111329e-01
6.426666666666666083e-01
6.421666666666665524e-01
6.416666666666666075e-01
6.411666666666666625e-01
6.412222222222222490e-01
6.412777777777778354e-01
6.413333333333334219e-01
6.408333333333333659e-01
6.403333333333333099e-01
6.398333333333332540e-01
6.393333333333333091e-01
6.393888888888890065e-01
6.394444444444444819e-01
6.395000000000000684e-01
6.395555555555555438e-01
6.396111111111111303e-01
6.396666666666667167e-01
6.397222222222221921e-01
6.392222222222221362e-01
6.392777777777777226e-01
6.387777777777777777e-01
6.388333333333332531e-01
6.388888888888888395e-01
6.389444444444444260e-01
6.389999999999999014e-01
6.390555555555554879e-01
6.391111111111110743e-01
6.391666666666665497e-01
6.386666666666666048e-01
6.381666666666666599e-01
6.382222222222222463e-01
6.382777777777778327e-01
6.383333333333334192e-01
6.383888888888888946e-01
6.384444444444444811e-01
6.379444444444444251e-01
6.380000000000000115e-01
6.380555555555555980e-01
6.381111111111110734e-01
6.381666666666666599e-01
6.382222222222221353e-01
6.382777777777777217e-01
6.383333333333333082e-01
6.383888888888888946e-01
6.384444444444444811e-01
6.384999999999999565e-01
6.385555555555555429e-01
6.386111111111110183e-01
6.386666666666666048e-01
6.387222222222221912e-01
6.387777777777777777e-01
6.388333333333333641e-01
6.388888888888889506e-01
6.389444444444444260e-01
6.390000000000000124e-01
6.384999999999999565e-01
6.385555555555555429e-01
6.386111111111110183e-01
6.386666666666666048e-01
6.387222222222220802e-01
6.387777777777777777e-01
6.388333333333332531e-01
6.388888888888888395e-01
6.389444444444444260e-01
6.389999999999999014e-01
6.384999999999999565e-01
6.385555555555555429e-01
6.386111111111110183e-01
6.386666666666666048e-01
6.381666666666667709e-01
6.382222222222222463e-01
6.377222222222221903e-01
6.377777777777777768e-01
6.378333333333332522e-01
6.378888888888889497e-01
6.373888888888890047e-01
6.375000000000000666e-01
6.375555555555555420e-01
6.376111111111111285e-01
6.371111111111110725e-01
6.366111111111110166e-01
6.366666666666667140e-01
6.367222222222221895e-01
6.367777777777777759e-01
6.368333333333333623e-01
6.368888888888889488e-01
6.369444444444444242e-01
6.370000000000000107e-01
6.370555555555555971e-01
6.371111111111110725e-01
6.371666666666666590e-01
6.372222222222222454e-01
6.367222222222220784e-01
6.367777777777777759e-01
6.362777777777778310e-01
6.363333333333333064e-01
6.363888888888890039e-01
6.364444444444444793e-01
6.365000000000000657e-01
6.365555555555555411e-01
6.360555555555554852e-01
6.355555555555556513e-01
6.356111111111111267e-01
6.356666666666667131e-01
6.357222222222222996e-01
6.357777777777777750e-01
6.358333333333333615e-01
6.358888888888889479e-01
6.353888888888888919e-01
6.348888888888890580e-01
6.343888888888888911e-01
6.338888888888889461e-01
6.333888888888888902e-01
6.328888888888889452e-01
6.323888888888888893e-01
6.318888888888890554e-01
6.313888888888888884e-01
6.308888888888889435e-01
6.309444444444445299e-01
6.304444444444443629e-01
6.299444444444445290e-01
6.294444444444443620e-01
6.289444444444445281e-01
6.290000000000000036e-01
6.290555555555555900e-01
6.285555555555555340e-01
6.280555555555555891e-01
6.275555555555555332e-01
6.276111111111110086e-01
6.271111111111111747e-01
6.266111111111111187e-01
6.261111111111110628e-01
6.256111111111110068e-01
6.256666666666667043e-01
6.257222222222221797e-01
6.257777777777777661e-01
6.252777777777778212e-01
6.247777777777777652e-01
6.248333333333332407e-01
6.248888888888889381e-01
6.249444444444444136e-01
6.250000000000000000e-01
6.245000000000000551e-01
6.245555555555555305e-01
6.240555555555554745e-01
6.241111111111110610e-01
6.236111111111111160e-01
6.231111111111110601e-01
6.226111111111110041e-01
6.226666666666667016e-01
6.227222222222221770e-01
6.228333333333333499e-01
6.228888888888890474e-01
6.229444444444445228e-01
6.229999999999999982e-01
6.230555555555555847e-01
6.225555555555555287e-01
6.226111111111110041e-01
6.226666666666665906e-01
6.221666666666667567e-01
6.222222222222222321e-01
6.217222222222221761e-01
6.217777777777777626e-01
6.218333333333333490e-01
6.213333333333332931e-01
6.213888888888889905e-01
6.214444444444444660e-01
6.215555555555555278e-01
6.216666666666667007e-01
6.217222222222222872e-01
6.217777777777777626e-01
6.218333333333333490e-01
6.218888888888889355e-01
6.219444444444445219e-01
6.219999999999999973e-01
6.214999999999999414e-01
6.209999999999999964e-01
6.210555555555555829e-01
6.205555555555555269e-01
6.206111111111110024e-01
6.201111111111110574e-01
6.196111111111111125e-01
6.191111111111110565e-01
6.186111111111110006e-01
6.186666666666665870e-01
6.187777777777777599e-01
6.188333333333333464e-01
6.183333333333332904e-01
6.183888888888889879e-01
6.178888888888888209e-01
6.173888888888889870e-01
6.168888888888889310e-01
6.163888888888888751e-01
6.164444444444444615e-01
6.159444444444444056e-01
6.154444444444444606e-01
6.149444444444444047e-01
6.144444444444444597e-01
6.139444444444444038e-01
6.134444444444444589e-01
6.129444444444444029e-01
6.124444444444444580e-01
6.119444444444445130e-01
6.114444444444444571e-01
6.114999999999999325e-01
6.109999999999998765e-01
6.105000000000000426e-01
6.100000000000000977e-01
6.100555555555555731e-01
6.095555555555556282e-01
6.096111111111111036e-01
6.091111111111110477e-01
6.086111111111111027e-01
6.081111111111110468e-01
6.081666666666667442e-01
6.082222222222223307e-01
6.077222222222222747e-01
6.072222222222221077e-01
6.072777777777778052e-01
6.073333333333332806e-01
6.068333333333333357e-01
6.068888888888889221e-01
6.063888888888889772e-01
6.064444444444445637e-01
6.065000000000000391e-01
6.065555555555556255e-01
6.066111111111111009e-01
6.066666666666667984e-01
6.067222222222222738e-01
6.062222222222222179e-01
6.062777777777778043e-01
6.063333333333333908e-01
6.063888888888889772e-01
6.064444444444444526e-01
6.064999999999999281e-01
6.059999999999999831e-01
6.054999999999999272e-01
6.049999999999999822e-01
6.050555555555556797e-01
6.051111111111111551e-01
6.051666666666667416e-01
6.052222222222222170e-01
6.052777777777778034e-01
6.053333333333333899e-01
6.048333333333333339e-01
6.048888888888889204e-01
6.049444444444443958e-01
6.049999999999999822e-01
6.050555555555555687e-01
6.051111111111111551e-01
6.046111111111110992e-01
6.041111111111110432e-01
6.041666666666667407e-01
6.036666666666667957e-01
6.037222222222222712e-01
6.032222222222222152e-01
6.027222222222221593e-01
6.022222222222222143e-01
6.017222222222222694e-01
6.017777777777778558e-01
6.018333333333334423e-01
6.013333333333332753e-01
6.013888888888888618e-01
6.014444444444444482e-01
6.015000000000000346e-01
6.015555555555555101e-01
6.016111111111110965e-01
6.011111111111110406e-01
6.011666666666666270e-01
6.012222222222222134e-01
6.012777777777776889e-01
6.007777777777778550e-01
6.008333333333333304e-01
6.009444444444443922e-01
6.004444444444444473e-01
5.999444444444443914e-01
5.999999999999999778e-01
6.000555555555555642e-01
6.001111111111110397e-01
5.996111111111109837e-01
5.996666666666665702e-01
5.997222222222221566e-01
5.992222222222222117e-01
5.987222222222222667e-01
5.982222222222222108e-01
5.977222222222221548e-01
5.972222222222222099e-01
5.967222222222222650e-01
5.962222222222222090e-01
5.957222222222221530e-01
5.952222222222222081e-01
5.952777777777777946e-01
5.953333333333333810e-01
5.948333333333333250e-01
5.948888888888889115e-01
5.949444444444444979e-01
5.950000000000000844e-01
5.950555555555556708e-01
5.945555555555556149e-01
5.946111111111110903e-01
5.946666666666666767e-01
5.947222222222221522e-01
5.942222222222222072e-01
5.937222222222221513e-01
5.937777777777778487e-01
5.938333333333333242e-01
5.938888888888889106e-01
5.933888888888889657e-01
5.934444444444445521e-01
5.929444444444444962e-01
5.924444444444444402e-01
5.919444444444443842e-01
5.914444444444444393e-01
5.909444444444443834e-01
5.904444444444444384e-01
5.905000000000000249e-01
5.905555555555556113e-01
5.906111111111111978e-01
5.901111111111110308e-01
5.901666666666667282e-01
5.896666666666666723e-01
5.897222222222222587e-01
5.897777777777778452e-01
5.898333333333333206e-01
5.893333333333332646e-01
5.888333333333333197e-01
5.883333333333332638e-01
5.878333333333334298e-01
5.878888888888889053e-01
5.873888888888888493e-01
5.874444444444444358e-01
5.875000000000000222e-01
5.869999999999999662e-01
5.864999999999999103e-01
5.859999999999999654e-01
5.860555555555555518e-01
5.861111111111111382e-01
5.856111111111110823e-01
5.856666666666666687e-01
5.857222222222222552e-01
5.852222222222221992e-01
5.847222222222221433e-01
5.842222222222223094e-01
5.837222222222222534e-01
5.832222222222221975e-01
5.827222222222221415e-01
5.827777777777778390e-01
5.822777777777777830e-01
5.823333333333333695e-01
5.818333333333333135e-01
5.818888888888888999e-01
5.819444444444444864e-01
5.819999999999999618e-01
5.820555555555555483e-01
5.815555555555556033e-01
5.810555555555555474e-01
5.805555555555556024e-01
5.800555555555555465e-01
5.795555555555556015e-01
5.790555555555555456e-01
5.785555555555556007e-01
5.786111111111110761e-01
5.786666666666667735e-01
5.781666666666667176e-01
5.782222222222221930e-01
5.782777777777777795e-01
5.783333333333333659e-01
5.783888888888888413e-01
5.784444444444444278e-01
5.779444444444444828e-01
5.774444444444444269e-01
5.774999999999999023e-01
5.769999999999999574e-01
5.765000000000000124e-01
5.759999999999999565e-01
5.755000000000000115e-01
5.749999999999999556e-01
5.744999999999998996e-01
5.745555555555554861e-01
5.746111111111110725e-01
5.746666666666666590e-01
5.741666666666668251e-01
5.736666666666666581e-01
5.731666666666667131e-01
5.732222222222221886e-01
5.732777777777778860e-01
5.727777777777778301e-01
5.728333333333333055e-01
5.723333333333333606e-01
5.723888888888889470e-01
5.718888888888888911e-01
5.719444444444444775e-01
5.714444444444445326e-01
5.715000000000000080e-01
5.715555555555555944e-01
5.716111111111111809e-01
5.716666666666667673e-01
5.711666666666666003e-01
5.712222222222221868e-01
5.712777777777777732e-01
5.707777777777778283e-01
5.708333333333333037e-01
5.708888888888888902e-01
5.709444444444444766e-01
5.710000000000000631e-01
5.710555555555555385e-01
5.705555555555554825e-01
5.700555555555556486e-01
5.695555555555555927e-01
5.690555555555556477e-01
5.685555555555555918e-01
5.680555555555556468e-01
5.675555555555555909e-01
5.670555555555556460e-01
5.671111111111111214e-01
5.671666666666667078e-01
5.672222222222221832e-01
5.672777777777777697e-01
5.673333333333333561e-01
5.673888888888889426e-01
5.668888888888887756e-01
5.669444444444444731e-01
5.669999999999999485e-01
5.665000000000000036e-01
5.665555555555555900e-01
5.660555555555555340e-01
5.661111111111110095e-01
5.656111111111111756e-01
5.651111111111111196e-01
5.651666666666667060e-01
5.646666666666667611e-01
5.641666666666667052e-01
5.636666666666666492e-01
5.637222222222222356e-01
5.637777777777778221e-01
5.632777777777777661e-01
5.627777777777778212e-01
5.628333333333334076e-01
5.623333333333332407e-01
5.623888888888888271e-01
5.624444444444444136e-01
5.624999999999998890e-01
5.625555555555554754e-01
5.626111111111110619e-01
5.626666666666666483e-01
5.627222222222221237e-01
5.627777777777777102e-01
5.628333333333332966e-01
5.623333333333333517e-01
5.623888888888888271e-01
5.618888888888887712e-01
5.613888888888888262e-01
5.614444444444445237e-01
5.614999999999999991e-01
5.609999999999999432e-01
5.604999999999999982e-01
5.599999999999999423e-01
5.594999999999999973e-01
5.589999999999999414e-01
5.590555555555555278e-01
5.585555555555555829e-01
5.580555555555555269e-01
5.575555555555555820e-01
5.576111111111111684e-01
5.576666666666667549e-01
5.577222222222222303e-01
5.572222222222221744e-01
5.572777777777777608e-01
5.567777777777778159e-01
5.568333333333334023e-01
5.563333333333333464e-01
5.563888888888888218e-01
5.558888888888888768e-01
5.559444444444444633e-01
5.559999999999999387e-01
5.554999999999999938e-01
5.550000000000000488e-01
5.544999999999999929e-01
5.539999999999999369e-01
5.540555555555555234e-01
5.541111111111111098e-01
5.542222222222222827e-01
5.542777777777778692e-01
5.537777777777778132e-01
5.532777777777777573e-01
5.527777777777777013e-01
5.522777777777778674e-01
5.517777777777778114e-01
5.512777777777778665e-01
5.507777777777776995e-01
5.508333333333332860e-01
5.508888888888888724e-01
5.503888888888889275e-01
5.504444444444445139e-01
5.499444444444444580e-01
5.500000000000000444e-01
5.500555555555556309e-01
5.501111111111112173e-01
5.496111111111110503e-01
5.496666666666666368e-01
5.497222222222222232e-01
5.497777777777778097e-01
5.498333333333332851e-01
5.493333333333332291e-01
5.488333333333333952e-01
5.488888888888888706e-01
5.483888888888889257e-01
5.478888888888888697e-01
5.479444444444444562e-01
5.480000000000000426e-01
5.474999999999998757e-01
5.475555555555554621e-01
5.470555555555555172e-01
5.471111111111111036e-01
5.471666666666666901e-01
5.472222222222221655e-01
5.472777777777777519e-01
5.473333333333333384e-01
5.473888888888888138e-01
5.474444444444445113e-01
5.474999999999998757e-01
5.470000000000000417e-01
5.470555555555556282e-01
5.465555555555555722e-01
5.466111111111110477e-01
5.466666666666667451e-01
5.467222222222222205e-01
5.462222222222221646e-01
5.462777777777777510e-01
5.457777777777778061e-01
5.452777777777778612e-01
5.453333333333334476e-01
5.448333333333332806e-01
5.448888888888888671e-01
5.443888888888888111e-01
5.444444444444443976e-01
5.444999999999998730e-01
5.445555555555554594e-01
5.440555555555556255e-01
5.435555555555556806e-01
5.436111111111111560e-01
5.436666666666667425e-01
5.437222222222223289e-01
5.437777777777778043e-01
5.438333333333333908e-01
5.438888888888889772e-01
5.439444444444445637e-01
5.434444444444445077e-01
5.434999999999999831e-01
5.429999999999999272e-01
5.424999999999999822e-01
5.425555555555555687e-01
5.426111111111110441e-01
5.426666666666666305e-01
5.427222222222222170e-01
5.427777777777778034e-01
5.428333333333333899e-01
5.428888888888888653e-01
5.429444444444444517e-01
5.429999999999999272e-01
5.430555555555556246e-01
5.431111111111111001e-01
5.426111111111111551e-01
5.426666666666667416e-01
5.427222222222223280e-01
5.427777777777778034e-01
5.428333333333333899e-01
5.428888888888889763e-01
5.429444444444444517e-01
5.430000000000000382e-01
5.430555555555556246e-01
5.431111111111111001e-01
5.426111111111110441e-01
5.426666666666667416e-01
5.427222222222222170e-01
5.427777777777778034e-01
5.422777777777777475e-01
5.423333333333333339e-01
5.423888888888888093e-01
5.418888888888888644e-01
5.419444444444444509e-01
5.414444444444445059e-01
5.414999999999999813e-01
5.415555555555555678e-01
5.416111111111111542e-01
5.416666666666667407e-01
5.417222222222222161e-01
5.412222222222222712e-01
5.412777777777777466e-01
5.413333333333333330e-01
5.413888888888889195e-01
5.414444444444443949e-01
5.414999999999999813e-01
5.415555555555555678e-01
5.416111111111110432e-01
5.416666666666667407e-01
5.417222222222222161e-01
5.412222222222222712e-01
5.407222222222222152e-01
5.407777777777778017e-01
5.408333333333332771e-01
5.408888888888888635e-01
5.409444444444444500e-01
5.404444444444445050e-01
5.404999999999999805e-01
5.405555555555556779e-01
5.400555555555556220e-01
5.401111111111110974e-01
5.396666666666667389e-01
5.397222222222223253e-01
5.397777777777778008e-01
5.392777777777777448e-01
5.393333333333333313e-01
5.388333333333333863e-01
5.383333333333333304e-01
5.383888888888888058e-01
5.378888888888889719e-01
5.379444444444444473e-01
5.380000000000000338e-01
5.380555555555556202e-01
5.381111111111112066e-01
5.381666666666666821e-01
5.376666666666666261e-01
5.377222222222222126e-01
5.377777777777777990e-01
5.378333333333332744e-01
5.378888888888888609e-01
5.379444444444444473e-01
5.374444444444445024e-01
5.374999999999999778e-01
5.375555555555555642e-01
5.376111111111111507e-01
5.376666666666667371e-01
5.377222222222222126e-01
5.372222222222222676e-01
5.372777777777777430e-01
5.373333333333333295e-01
5.373888888888888049e-01
5.374444444444445024e-01
5.374999999999999778e-01
5.370555555555556193e-01
5.371111111111110947e-01
5.371666666666667922e-01
5.372222222222222676e-01
5.372777777777778541e-01
5.373333333333334405e-01
5.368333333333332735e-01
5.368888888888888600e-01
5.363888888888889150e-01
5.364444444444445015e-01
5.365555555555556744e-01
5.366111111111111498e-01
5.366666666666667362e-01
5.367777777777777981e-01
5.368333333333333846e-01
5.363333333333333286e-01
5.363888888888889150e-01
5.364444444444445015e-01
5.364999999999999769e-01
5.365555555555555634e-01
5.366666666666666252e-01
5.367222222222222117e-01
5.367777777777776871e-01
5.362777777777778532e-01
5.357777777777777972e-01
5.358333333333332726e-01
5.358888888888888591e-01
5.359444444444444455e-01
5.354444444444445006e-01
5.349444444444444446e-01
5.350000000000000311e-01
5.350555555555555065e-01
5.345555555555556726e-01
5.346111111111111480e-01
5.346666666666667345e-01
5.347222222222222099e-01
5.342222222222221539e-01
5.342777777777777404e-01
5.343333333333333268e-01
5.343888888888889133e-01
5.338888888888889683e-01
5.339444444444445548e-01
5.340000000000000302e-01
5.334999999999999742e-01
5.335555555555555607e-01
5.330555555555556158e-01
5.331111111111112022e-01
5.331666666666666776e-01
5.332222222222222641e-01
5.332777777777778505e-01
5.333333333333333259e-01
5.333888888888889124e-01
5.328888888888888564e-01
5.329444444444445539e-01
5.329999999999999183e-01
5.330555555555555047e-01
5.331111111111110912e-01
5.331666666666666776e-01
5.332222222222222641e-01
5.332777777777777395e-01
5.333333333333333259e-01
5.333888888888889124e-01
5.334444444444444988e-01
5.329444444444445539e-01
5.324444444444443869e-01
5.324999999999999734e-01
5.320000000000000284e-01
5.314999999999999725e-01
5.315555555555555589e-01
5.316111111111110343e-01
5.316666666666666208e-01
5.311666666666666758e-01
5.312222222222222623e-01
5.312777777777777377e-01
5.313333333333334352e-01
5.313888888888889106e-01
5.308888888888888546e-01
5.309444444444444411e-01
5.310000000000000275e-01
5.310555555555555030e-01
5.305555555555555580e-01
5.306111111111111445e-01
5.306666666666667309e-01
5.301666666666666750e-01
5.296666666666667300e-01
5.297222222222222054e-01
5.297777777777777919e-01
5.298333333333333783e-01
5.298888888888888538e-01
5.293888888888889088e-01
5.294444444444444953e-01
5.294999999999999707e-01
5.295555555555555571e-01
5.296111111111110326e-01
5.296666666666666190e-01
5.297222222222222054e-01
5.297777777777777919e-01
5.292777777777777359e-01
5.293333333333334334e-01
5.288333333333333774e-01
5.288888888888888529e-01
5.289444444444444393e-01
5.289999999999999147e-01
5.284999999999999698e-01
5.285555555555556673e-01
5.286111111111111427e-01
5.286666666666667291e-01
5.287222222222223156e-01
5.287777777777777910e-01
5.288333333333333774e-01
5.283333333333333215e-01
5.278333333333333766e-01
5.273333333333333206e-01
5.273888888888889070e-01
5.274444444444443825e-01
5.274999999999999689e-01
5.270000000000000240e-01
5.270555555555556104e-01
5.271111111111110858e-01
5.271666666666666723e-01
5.272222222222222587e-01
5.267222222222222028e-01
5.267777777777777892e-01
5.268333333333332646e-01
5.268888888888888511e-01
5.263888888888889062e-01
5.264444444444444926e-01
5.259444444444444366e-01
5.260000000000000231e-01
5.260555555555554985e-01
5.261111111111110850e-01
5.261666666666665604e-01
5.256666666666667265e-01
5.257222222222223129e-01
5.252222222222221459e-01
5.247222222222222010e-01
5.247777777777777874e-01
5.242777777777777315e-01
5.243333333333333179e-01
5.243888888888889044e-01
5.244444444444443798e-01
5.244999999999999662e-01
5.245555555555555527e-01
5.246111111111111391e-01
5.246666666666666146e-01
5.247222222222222010e-01
5.242222222222222561e-01
5.237222222222222001e-01
5.237777777777776755e-01
5.238333333333333730e-01
5.233333333333334281e-01
5.233888888888889035e-01
5.234444444444444899e-01
5.235000000000000764e-01
5.235555555555556628e-01
5.236111111111111382e-01
5.236666666666667247e-01
5.237222222222223111e-01
5.232222222222221442e-01
5.227222222222221992e-01
5.227777777777777857e-01
5.228333333333333721e-01
5.223333333333333162e-01
5.218333333333333712e-01
5.218888888888888467e-01
5.219444444444444331e-01
5.214444444444444882e-01
5.209444444444445432e-01
5.204444444444443763e-01
5.204999999999999627e-01
5.200000000000000178e-01
5.200555555555556042e-01
5.201111111111111907e-01
5.196111111111111347e-01
5.191111111111111898e-01
5.191666666666666652e-01
5.192222222222222516e-01
5.192777777777778381e-01
5.187777777777776711e-01
5.188333333333333686e-01
5.188888888888888440e-01
5.183888888888887880e-01
5.178888888888888431e-01
5.173888888888888982e-01
5.168888888888888422e-01
5.169444444444444287e-01
5.169999999999999041e-01
5.170555555555554905e-01
5.165555555555555456e-01
5.166111111111111320e-01
5.166666666666666075e-01
5.161666666666665515e-01
5.162222222222221379e-01
5.162777777777777244e-01
5.163333333333333108e-01
5.158333333333333659e-01
5.153333333333333099e-01
5.153888888888887854e-01
5.148888888888889515e-01
5.149444444444445379e-01
5.150000000000000133e-01
5.150555555555555998e-01
5.145555555555555438e-01
5.140555555555555989e-01
5.141111111111110743e-01
5.141666666666666607e-01
5.142222222222222472e-01
5.142777777777777226e-01
5.143333333333334201e-01
5.143888888888888955e-01
5.138888888888888395e-01
5.133888888888888946e-01
5.134444444444444811e-01
5.135000000000000675e-01
5.130000000000000115e-01
5.130555555555555980e-01
5.125555555555555420e-01
5.120555555555555971e-01
5.121111111111110725e-01
5.116111111111111276e-01
5.111111111111110716e-01
5.111666666666665471e-01
5.106666666666666021e-01
5.107222222222221886e-01
5.102222222222221326e-01
5.097222222222222987e-01
5.097777777777777741e-01
5.092777777777777182e-01
5.087777777777777732e-01
5.082777777777777173e-01
5.083333333333333037e-01
5.078333333333333588e-01
5.078888888888888342e-01
5.073888888888887783e-01
5.068888888888889444e-01
5.063888888888888884e-01
5.058888888888889435e-01
5.059444444444445299e-01
5.054444444444443629e-01
5.049444444444444180e-01
5.050000000000000044e-01
5.050555555555555909e-01
5.051666666666666528e-01
5.052222222222222392e-01
5.052777777777777146e-01
5.053333333333333011e-01
5.048333333333332451e-01
5.048888888888888316e-01
5.043888888888888866e-01
5.044444444444444731e-01
5.044999999999999485e-01
5.045555555555555349e-01
5.040555555555555900e-01
5.041111111111110654e-01
5.041666666666665408e-01
5.042222222222221273e-01
5.042777777777777137e-01
5.037777777777777688e-01
5.038333333333333552e-01
5.038888888888889417e-01
5.039444444444445281e-01
5.034444444444443612e-01
5.029444444444445272e-01
5.024444444444443603e-01
5.024999999999999467e-01
5.025555555555555332e-01
5.026111111111110086e-01
5.026666666666665950e-01
5.027222222222222925e-01
5.022222222222222365e-01
5.022777777777778230e-01
5.023333333333334094e-01
5.023888888888888848e-01
5.024444444444444713e-01
5.024999999999999467e-01
5.025555555555555332e-01
5.026111111111111196e-01
5.026666666666667060e-01
5.027222222222221815e-01
5.027777777777777679e-01
5.028333333333333544e-01
5.028888888888889408e-01
5.029444444444445272e-01
5.030000000000000027e-01
5.030555555555555891e-01
5.031111111111110645e-01
5.031666666666666510e-01
5.032222222222222374e-01
5.032777777777778239e-01
5.033333333333334103e-01
5.033888888888888857e-01
5.034444444444444722e-01
5.034999999999999476e-01
5.035555555555555340e-01
5.036111111111111205e-01
5.036666666666667069e-01
5.037222222222222934e-01
5.037777777777777688e-01
5.038333333333333552e-01
5.038888888888888307e-01
5.039444444444445281e-01
5.040000000000000036e-01
5.040555555555555900e-01
5.041111111111110654e-01
5.041666666666666519e-01
5.042222222222222383e-01
5.037222222222221824e-01
5.037777777777776578e-01
5.038333333333333552e-01
5.038888888888888307e-01
5.039444444444444171e-01
5.039999999999998925e-01
5.040555555555554790e-01
5.041111111111110654e-01
5.041666666666666519e-01
5.042222222222222383e-01
5.042777777777777137e-01
5.043333333333333002e-01
5.043888888888887756e-01
5.038888888888888307e-01
5.039444444444444171e-01
5.040000000000000036e-01
5.040555555555554790e-01
5.041111111111110654e-01
5.036111111111111205e-01
5.036666666666665959e-01
5.031666666666666510e-01
5.032222222222222374e-01
5.032777777777777128e-01
5.033333333333332993e-01
5.028333333333332433e-01
5.028888888888888298e-01
5.029444444444444162e-01
5.030000000000000027e-01
5.024999999999999467e-01
5.025555555555555332e-01
5.026111111111111196e-01
5.026666666666665950e-01
5.021666666666666501e-01
5.022222222222222365e-01
5.022777777777777120e-01
5.023333333333332984e-01
5.018333333333333535e-01
5.013333333333332975e-01
5.008333333333333526e-01
5.003333333333332966e-01
5.003888888888887720e-01
4.998888888888888826e-01
4.999444444444444691e-01
5.000000000000000000e-01
