0.000000000000000000e+00
3.359433500072656059e-11
3.511462336801380663e-11
5.721741093887554883e-11
8.625437084590189585e-11
1.404584934720552265e-10
2.115120230440233921e-10
2.118791608862720974e-10
2.121493071182414679e-10
2.122354760034499971e-10
2.130537749645494608e-10
4.242986142364829359e-10
4.244709520068999942e-10
4.244860760342642855e-10
4.252163342581381210e-10
5.638228743877213338e-10
7.805648024546643831e-10
8.472071569280421575e-10
1.127645748775442668e-09
1.132104336300201597e-09
1.150587771808936928e-09
1.273922130154341209e-09
1.296843688013100731e-09
1.372142379496419508e-09
1.415260206926300899e-09
1.825960415136718126e-09
2.036450786978566411e-09
2.046950422862805159e-09
2.056087090963909993e-09
2.123819031843926448e-09
2.175431565510289422e-09
2.208766395254666766e-09
2.317229494000556744e-09
2.333642378300655940e-09
2.805753843354722273e-09
3.820238568062100361e-09
4.112262428533916139e-09
4.272461354732554193e-09
4.510582995101770671e-09
4.531071362146726844e-09
6.776482341366267281e-09
6.968863341593387936e-09
7.276966436447705750e-09
7.436218580803861639e-09
7.924730354101410355e-09
7.961794532755120848e-09
8.016167808853677395e-09
8.582473938853958024e-09
8.908303853696720952e-09
9.953754260480551647e-09
1.066600281465148317e-08
1.098366765738031228e-08
1.226010649618906920e-08
1.265367252599190761e-08
1.310703667516631710e-08
1.329918298198244217e-08
1.418779619684772779e-08
1.555303682764707816e-08
1.842146061845411944e-08
1.990750852096110329e-08
2.001705039297875798e-08
2.104907744924448081e-08
2.452021299237813840e-08
2.456194749127215926e-08
2.581852468818967748e-08
2.621407335033263421e-08
2.922241957935969632e-08
2.986142959539279239e-08
3.049324717893248391e-08
3.505029296436870901e-08
3.622562764188062095e-08
3.951866412003564967e-08
4.022381167259025000e-08
4.166172628029192878e-08
5.015007124414038766e-08
5.380236117135806093e-08
5.456826991713372390e-08
5.734930151991706129e-08
5.844483915871939264e-08
5.858914645010520474e-08
6.005115117893628386e-08
6.170465019818916265e-08
6.456283340562967577e-08
6.768972923431409118e-08
6.789957140566641704e-08
7.156249220952093213e-08
7.679507725124001264e-08
7.733923338877009691e-08
7.841120703154067101e-08
7.917844446028013074e-08
8.676383058841495585e-08
9.264174418464612942e-08
9.359149660181429518e-08
9.811418225771010449e-08
9.851664473193571520e-08
1.024126994620902203e-07
1.025390725135813006e-07
1.074346455749599078e-07
1.084289261277717112e-07
1.099017035318364051e-07
1.115184828184429461e-07
1.186890086856616572e-07
1.309970532867848406e-07
1.312785293685039395e-07
1.336136250267227355e-07
1.345059029283951358e-07
1.352185424932170622e-07
1.357729024734761141e-07
1.375735673726122577e-07
1.413475146404202636e-07
1.430256515833551155e-07
1.433044645598109963e-07
1.453465550504571553e-07
1.473716849476329556e-07
1.482833582005695206e-07
1.488228115605560130e-07
1.489373787749983010e-07
1.554179795600489723e-07
1.555303682764707882e-07
1.590387057457875102e-07
1.600895476893955339e-07
1.611328282356277600e-07
1.680443183145255229e-07
1.746684204010341555e-07
1.768460219371595467e-07
1.783644497225119397e-07
1.786985605119958640e-07
1.804490481874809677e-07
1.852788983683157085e-07
1.868907489621965673e-07
1.869854731026397716e-07
1.877106124803943402e-07
1.880635064264617300e-07
1.882162707645265345e-07
1.899258976041128180e-07
1.900005371330904189e-07
1.906195312168196441e-07
1.919055714697178628e-07
1.921170834927618760e-07
1.921703274793767625e-07
1.924258862560359465e-07
1.927848707314841210e-07
1.947643413404840596e-07
1.948282729206605285e-07
1.948284332873698621e-07
1.948508795273120895e-07
1.956302856558546071e-07
1.959733529206558966e-07
1.966236146178296470e-07
1.967945051981864271e-07
1.977765652244094631e-07
1.999920006676755025e-07
2.011070996154644269e-07
2.027953426061985644e-07
2.052285183564866697e-07
2.054515036474131453e-07
2.219328325728377733e-07
2.237860992713089987e-07
2.245663770630597418e-07
2.272250648972314205e-07
2.285423318676913585e-07
2.312676659588334140e-07
2.325394241755925155e-07
2.371280942252195502e-07
2.425173690939745093e-07
2.651632265273534777e-07
2.689798322553003260e-07
2.715991860020300025e-07
2.746635907544418157e-07
2.819824494123485867e-07
2.844545583842981068e-07
2.844939286861913795e-07
2.893989964221602100e-07
2.895990501151156362e-07
2.905987649947988355e-07
2.947433698952659111e-07
2.976456231211120261e-07
2.979657135819476078e-07
2.998288931704490355e-07
2.999135880205978121e-07
3.076172175407438887e-07
3.087666122275787179e-07
3.112814637965073048e-07
3.113628544050999987e-07
3.195418031605901315e-07
3.199251972232198906e-07
3.201790953787910678e-07
3.227911883170248598e-07
3.263374133922260526e-07
3.274926332169620882e-07
3.278789810261438882e-07
3.306767706371121133e-07
3.359039710176681432e-07
3.427050433649170347e-07
3.433198702344540989e-07
3.523706539221111530e-07
3.529205028996356861e-07
3.536920438743190933e-07
3.580202209635880455e-07
3.608810835577428704e-07
3.713464619035851815e-07
3.738687223165399926e-07
3.751144299449608095e-07
3.759765992164647293e-07
3.759765992164647822e-07
3.765482719601798680e-07
3.782808089029321348e-07
3.791088936215095441e-07
3.794900764692732230e-07
3.797833815472133660e-07
3.798354642590048365e-07
3.801049533629768480e-07
3.803402826032517765e-07
3.810066367288813486e-07
3.820934931634852673e-07
3.822851541896351270e-07
3.826191180486494939e-07
3.826821798104799809e-07
3.829406435795873926e-07
3.833022794603257260e-07
3.837046660915270052e-07
3.837906703212733163e-07
3.838371621157400674e-07
3.840984653352537301e-07
3.842695214585054943e-07
3.853854885423184855e-07
3.876690096421486293e-07
3.878820700149611375e-07
3.887042267102292485e-07
3.888152584281407581e-07
3.892951187034107793e-07
3.900382274407346859e-07
3.929911598603544952e-07
3.929911598603545481e-07
3.950729660260953538e-07
3.955050262907035954e-07
4.014114574108677145e-07
4.022209029376606030e-07
4.062544311219201302e-07
4.065425791658839624e-07
4.077616949316199838e-07
4.131982796471308670e-07
4.137420693857134847e-07
4.205968591588086544e-07
4.258877728190935408e-07
4.404633174026388882e-07
4.451168237258722108e-07
4.485767923657340238e-07
4.517138681194806826e-07
4.554663083879229738e-07
4.593751277637074375e-07
4.642716286161246624e-07
4.802686430681866281e-07
4.862725442958354051e-07
4.873407893582550451e-07
4.890173935380935486e-07
4.940526540358861911e-07
4.960760385351866572e-07
4.977141083133819151e-07
4.993087070950268897e-07
5.047480209456428628e-07
5.147871764827875966e-07
5.189560817847107588e-07
5.209693755315923141e-07
5.278645054648594635e-07
5.323811666045858079e-07
5.342825357286603852e-07
5.429571416336194935e-07
5.553434262746673559e-07
5.574870280470697434e-07
5.663088526220761485e-07
5.732410552867067084e-07
5.748971145859857634e-07
5.757514445712417734e-07
5.807760823126773073e-07
5.905552092755825402e-07
5.958168877375879603e-07
5.996469278888590331e-07
6.057937248213509971e-07
6.101202097489765259e-07
6.175575369234142899e-07
6.399033688515640913e-07
6.403581907575821356e-07
6.708388856478291373e-07
6.714056716994116958e-07
6.787821957428946558e-07
6.885392597333723047e-07
6.889976790902411301e-07
6.895740818503846903e-07
6.961096810972454822e-07
7.007885272508625923e-07
7.035059924640437681e-07
7.047991234797877374e-07
7.194251794048804906e-07
7.238105440377192066e-07
7.250977270603249069e-07
7.292437407593054256e-07
7.302632608377696321e-07
7.478164045111249464e-07
7.506641930401937148e-07
7.589266996472240394e-07
7.635113833465623391e-07
7.654053150772782254e-07
7.674779936139894736e-07
7.704353491866525759e-07
7.763051012089417046e-07
7.798604140587755263e-07
7.827334867058946675e-07
7.831105220404252994e-07
7.848831505209662008e-07
7.853090148435837289e-07
7.856958492273436743e-07
7.876507952708291639e-07
7.905334621990698261e-07
7.993478101617373590e-07
8.243397862651801810e-07
8.446316821669878607e-07
8.459473482370458129e-07
8.507854382795190515e-07
8.560451626599949092e-07
8.701231576151599834e-07
8.799924584037052232e-07
8.924977531369064975e-07
8.941408736829304534e-07
9.148219815545196694e-07
9.243447119959984811e-07
9.329796534368705758e-07
9.478015913409362714e-07
9.478815335490225007e-07
9.554233045398511907e-07
9.559678349187146268e-07
9.602305237396128717e-07
9.657221197901299141e-07
1.009496041891285726e-06
1.014904796913762463e-06
1.027661742397058603e-06
1.074225895434220260e-06
1.107015285896559829e-06
1.115003298551424819e-06
1.127929797649394347e-06
1.140589024066085436e-06
1.147702002904977303e-06
1.147873980607210927e-06
1.149002734910578308e-06
1.150171061415250245e-06
1.153499423561019538e-06
1.160382054702989123e-06
1.173435327098090644e-06
1.177509567265233999e-06
1.201744023518436675e-06
1.220355500234580837e-06
1.224930320353475948e-06
1.226145040578999018e-06
1.237980754351192890e-06
1.247542007171125577e-06
1.256365575049798876e-06
1.263934467149529764e-06
1.278051568504554190e-06
1.332350279104291880e-06
1.334336490947379559e-06
1.341010813004558837e-06
1.341972035856944201e-06
1.349473656820077712e-06
1.350531136673814606e-06
1.357659405343920954e-06
1.363151135070389512e-06
1.372352011210106171e-06
1.390301006562925707e-06
1.398997917490481663e-06
1.408472645984730989e-06
1.410412375190765135e-06
1.438480537130607070e-06
1.445735154289799430e-06
1.487199778431423491e-06
1.489863592774880969e-06
1.498344870797843460e-06
1.515445795343239906e-06
1.532440734176210903e-06
1.546763187417279699e-06
1.551696747101157820e-06
1.590597374504626091e-06
1.629430600066270011e-06
1.657418272704972823e-06
1.663537697989285662e-06
1.681924377273652798e-06
1.683616106876962479e-06
1.697718179029886125e-06
1.699191138746488452e-06
1.701524760508473416e-06
1.707621842020219099e-06
1.713673558541808868e-06
1.725031850734946688e-06
1.726481916753939739e-06
1.728749062121767713e-06
1.730774454228698356e-06
1.735155055429805736e-06
1.738153515153545026e-06
1.744427426585771713e-06
1.768460219371595361e-06
1.782917211019893178e-06
1.799025809433936012e-06
1.802163601391638678e-06
1.820361027775472371e-06
1.830671836256241665e-06
1.842643911694183828e-06
1.852672610770242870e-06
1.864155669294233938e-06
1.879882996082323699e-06
1.887741382190343257e-06
1.919570016316345082e-06
1.948417235031132909e-06
1.952383704312268761e-06
1.961654969989060697e-06
1.964955799301772529e-06
1.997094165047860980e-06
2.054562183861755571e-06
2.098142724060661377e-06
2.102803997836766064e-06
2.109293326733972688e-06
2.115595960858528747e-06
2.144704601643650644e-06
2.163795271201061731e-06
2.211627054214498619e-06
2.255859595298788693e-06
2.285186802373571106e-06
2.291343338068120786e-06
2.293109983816562646e-06
2.305159919290997269e-06
2.309755684354138194e-06
2.310429238473617108e-06
2.315882584134058699e-06
2.324704547263707226e-06
2.347120151752426442e-06
2.379070271812463479e-06
2.384426831478249218e-06
2.476653874574991914e-06
2.486127409057459340e-06
2.488310749295941760e-06
2.498331991574957892e-06
2.502874133796976558e-06
2.506510661443098689e-06
2.509123570136718732e-06
2.534237549290920205e-06
2.551220674827073946e-06
2.558295888409180062e-06
2.604420361126216019e-06
2.623037922531238571e-06
2.625898212082949514e-06
2.640577672592577550e-06
2.642271157250041979e-06
2.662247802935572534e-06
2.678674584116170141e-06
2.684886292131455012e-06
2.691377241549533907e-06
2.696752807259233344e-06
2.733570161611416797e-06
2.736362451467774815e-06
2.740086367522303832e-06
2.744161795779479029e-06
2.751964461678967439e-06
2.768554957866695157e-06
2.791649499966741331e-06
2.794066845041087419e-06
2.842484270019271486e-06
2.886702692716271659e-06
2.923203070532505199e-06
2.964741927972776589e-06
2.966720709080696362e-06
2.999633472057586722e-06
3.000956396833139862e-06
3.045161485841699630e-06
3.102256942026373018e-06
3.128535841489576662e-06
3.137553183069628159e-06
3.159838875168611542e-06
3.249222515205819892e-06
3.271743474930694705e-06
3.387956604793167714e-06
3.398081362466070207e-06
3.421932043510876159e-06
3.487213534196367236e-06
3.503942636254313279e-06
3.551371350243380561e-06
3.596549105658597694e-06
3.617353906295413921e-06
3.623260921026024359e-06
3.623622963753671169e-06
3.630194845792330530e-06
3.739784437534234211e-06
3.765854246377247788e-06
3.884975006198610843e-06
3.921868003702617814e-06
3.936697575093882728e-06
3.946002244141309750e-06
3.963587527874338550e-06
4.027745062591038182e-06
4.036947954069806888e-06
4.095353216810662531e-06
4.139053453142009654e-06
4.166562502604101971e-06
4.192897841231594287e-06
4.336647975730529684e-06
4.471364814364237432e-06
4.528882951020131059e-06
4.594520096437537265e-06
4.607799153743528862e-06
4.707420485901835669e-06
4.712449032519705499e-06
4.726220512772166705e-06
4.738021294172961322e-06
4.797707375921398204e-06
4.946038717591081086e-06
5.184584332393526219e-06
5.197041896380853016e-06
5.226046944599820088e-06
5.388029104435654064e-06
5.449775841234728746e-06
5.510957886346051245e-06
5.639648988246971521e-06
5.670759219123921308e-06
5.733287467033597753e-06
5.754456889751580299e-06
6.212320979028654048e-06
6.395739721022950367e-06
6.425740726341707364e-06
6.484980698024290182e-06
6.565815736947157540e-06
6.728064333584502825e-06
6.790065823088852712e-06
6.819970112603416880e-06
6.957704895470550487e-06
7.093674334140436174e-06
7.208898131238091454e-06
7.552169078243647484e-06
7.857096596645105858e-06
7.974481658692185804e-06
8.000000000000001332e-06
8.638065073423552233e-06
8.965014670606150110e-06
9.153432089808908142e-06
9.162879343204808439e-06
9.229125134646142336e-06
9.363348150263214810e-06
9.468931803490625567e-06
9.614116635908560873e-06
9.719602294176188926e-06
9.734728644439036112e-06
1.030610565443136663e-05
1.031991723022515671e-05
1.063020082575400101e-05
1.090809926370330012e-05
1.097628763567499419e-05
1.128827430506561314e-05
1.134347382899145401e-05
1.175157177272460191e-05
1.176000188160030115e-05
1.202939931992197688e-05
1.208093021194893126e-05
1.258885634436396911e-05
1.296207886239411568e-05
1.302199601154864954e-05
1.325339504043946084e-05
1.360550036895609698e-05
1.370689182520971551e-05
1.412928293889085094e-05
1.453584322688788505e-05
1.454175212130678571e-05
1.478621053884121372e-05
1.573836541336816769e-05
1.579101716709152128e-05
1.632551291793312958e-05
1.674107142857142602e-05
1.702504804992406950e-05
1.735742225887278200e-05
1.803108118590015957e-05
1.918870169244348906e-05
1.973021589841948573e-05
2.066475566878529487e-05
2.206498778869280840e-05
2.276867030965391619e-05
2.283522104493971447e-05
2.349536508149290735e-05
2.367038312264634200e-05
2.426816320339754182e-05
2.688977534275396536e-05
2.703360276824092297e-05
2.735454769913636883e-05
2.735678721890901074e-05
2.812814244091331825e-05
2.818807080843386588e-05
2.879396478498106923e-05
2.978406552494415531e-05
3.006885768409658000e-05
3.224974200206398090e-05
3.587372448979591483e-05
3.837740338488697812e-05
4.094333442515558181e-05
4.131320921009143935e-05
4.241516966067863996e-05
4.411737084584507849e-05
4.423213021939136736e-05
4.480286738351254476e-05
5.250528561004359036e-05
5.264487870619945697e-05
5.425347222222221921e-05
5.486065393899495471e-05
5.670629495817465401e-05
5.791310139136225823e-05
5.847953216374269250e-05
5.935422602089269052e-05
5.993048064245474127e-05
6.049061466945937265e-05
6.167086990791146293e-05
6.512662155347525975e-05
6.720026805092968567e-05
6.855889208830385215e-05
7.000448028673834781e-05
7.616438517923723121e-05
7.770007770007770001e-05
7.852854133532279079e-05
7.980898178131030809e-05
8.188090886942956824e-05
8.325008325008325001e-05
8.357000065934187209e-05
8.361859468499307406e-05
8.417508417508417953e-05
8.680555555555554532e-05
8.755800717975657657e-05
8.984725965858041271e-05
9.068826148766932305e-05
9.319664492078285419e-05
9.332955597289674951e-05
9.530777078596883818e-05
9.569377990430622287e-05
9.578544061302680956e-05
9.738283627510650677e-05
9.916255885833306135e-05
1.011260822284882401e-04
1.035196687370600543e-04
1.082485386447282921e-04
1.130710085933966534e-04
1.143118427069044179e-04
1.154377767513592229e-04
1.161164291466770408e-04
1.183572020357438802e-04
1.186568049677648998e-04
1.206757843925985416e-04
1.225608833344559204e-04
1.230375510605836878e-04
1.233197681588358728e-04
1.240694789081885855e-04
1.289599735312474209e-04
1.300887664524028389e-04
1.313142145951322424e-04
1.341921631776704237e-04
1.357985790965058454e-04
1.377410468319559375e-04
1.377989455485729899e-04
1.378549765646539839e-04
1.465201465201465200e-04
1.544253704653947431e-04
1.569213701322395794e-04
1.596424010217113493e-04
1.663708961845607735e-04
1.687326926916499399e-04
1.720874204095680464e-04
1.771907419993433994e-04
1.853911753800518991e-04
1.867974492991432943e-04
1.876243010994783900e-04
1.896108734692289076e-04
1.901261333629082433e-04
1.913875598086124457e-04
1.968044901175600029e-04
2.035002035002035181e-04
2.095861243998024391e-04
2.114647804302976640e-04
2.123142250530785633e-04
2.164502164502164771e-04
2.168560968453815663e-04
2.310002310002310462e-04
2.349911741048510742e-04
2.387786735395881809e-04
2.394164258821469035e-04
2.395400830405621114e-04
2.413217873744189629e-04
2.463054187192118038e-04
2.477393781741607905e-04
2.525797007250265690e-04
2.532807019220659770e-04
2.551020408163264994e-04
2.556278358867318718e-04
2.741979709350150633e-04
2.866453221063150134e-04
2.955082742316784798e-04
3.071253071253071719e-04
3.080415607810867693e-04
3.152804114404703746e-04
3.190914723141098316e-04
3.246753246753246750e-04
3.263501118503907565e-04
3.421142661648990651e-04
3.665689149560117299e-04
3.666137113528045773e-04
3.680319464680804507e-04
3.729951510630361467e-04
3.746472422595353824e-04
3.791205393036056683e-04
3.834256532757543022e-04
3.904092612011788319e-04
3.970721330923135872e-04
4.006410256410256271e-04
4.010025062656641772e-04
4.152823920265780828e-04
4.254533346794146689e-04
4.282140715638644299e-04
4.292441858414356771e-04
4.371757253422597672e-04
4.423983520661385464e-04
4.464285714285714146e-04
4.484821441527723400e-04
4.528985507246376324e-04
4.597701149425287184e-04
4.857906242409521652e-04
4.875707173521996100e-04
4.942630185348633083e-04
5.138275241368024399e-04
5.181347150259068201e-04
5.239385727190604873e-04
5.341880341880342418e-04
5.668934240362810857e-04
5.787037037037036716e-04
5.882887530481521179e-04
5.918519219247626688e-04
5.922628345308756943e-04
6.038647342995168794e-04
6.213109661385523251e-04
6.253908692933083172e-04
6.269592476489028619e-04
6.399002166851661165e-04
6.459697118233179896e-04
6.793139064044230544e-04
7.001272958719766994e-04
7.019725819000279801e-04
7.057995612037917810e-04
7.071123996956671636e-04
7.299157907677177254e-04
7.309941520467835852e-04
7.400962142000102511e-04
7.423246091001248735e-04
7.449936427209154438e-04
7.541478129713423059e-04
7.572988637511177210e-04
7.575757575757576835e-04
7.607781611711683569e-04
7.647933179848073705e-04
8.340924306111922480e-04
8.538056692743644597e-04
8.811978234441798265e-04
8.888801679649942222e-04
9.028104883027162795e-04
9.086678687234663650e-04
9.090909090909090901e-04
9.246637921403952094e-04
9.293468780575773330e-04
9.469696969696969960e-04
9.578544061302681498e-04
9.606147934678192692e-04
9.652509652509652736e-04
9.693923646162624398e-04
9.849563420221011181e-04
1.042318115488847195e-03
1.073949476082471230e-03
1.092657342657342738e-03
1.109719116918773171e-03
1.118014050540001945e-03
1.152263374485596554e-03
1.152831514051923419e-03
1.156697627703418690e-03
1.176470588235294015e-03
1.203258052573121005e-03
1.242584575917909202e-03
1.262626262626262734e-03
1.263157894736842120e-03
1.273153501939817359e-03
1.322959188472318985e-03
1.333333333333333506e-03
1.429075736453533710e-03
1.521661770979292885e-03
1.530635870562784429e-03
1.573226544622425551e-03
1.596677052938259801e-03
1.618950324555208089e-03
1.655068157531211590e-03
1.679731243001119723e-03
1.714126714126714204e-03
1.753213247021296207e-03
1.760466621112646585e-03
1.846722068328716243e-03
1.874999999999999931e-03
1.907814407814407542e-03
1.915331407057175228e-03
1.915708812260536300e-03
1.937878094965688174e-03
1.963331034635867108e-03
2.005812539277774826e-03
2.018474364968053745e-03
2.021298148566200072e-03
2.058693814259938883e-03
2.083333333333333304e-03
2.122085407388000621e-03
2.185314685314685475e-03
2.204809953269637121e-03
2.260981912144702666e-03
2.316065962343169093e-03
2.316877561931919138e-03
2.325581395348837177e-03
2.404571971702234180e-03
2.416405433646812845e-03
2.427184466019417265e-03
2.430946212462402941e-03
2.437275985663082435e-03
2.442002442002441567e-03
2.460795531837274737e-03
2.481859026282593611e-03
2.493376967430262908e-03
2.512906774024081455e-03
2.535077948894922002e-03
2.662708462559720737e-03
2.669201580133877521e-03
2.695417789757412110e-03
2.708143116434857077e-03
2.774297792296932710e-03
2.777777777777777884e-03
2.871128537502473654e-03
2.880658436213991494e-03
2.883209857073602052e-03
2.884624999676535691e-03
2.928061561254538103e-03
2.972016240042999434e-03
3.007518796992480949e-03
3.048780487804878155e-03
3.067022074241507017e-03
3.086419753086419582e-03
3.114477210295027963e-03
3.144654088050314201e-03
3.155698869705417242e-03
3.187284500456836860e-03
3.189973456052094987e-03
3.205590610183267110e-03
3.220611916264089734e-03
3.230284061785922232e-03
3.246753246753246534e-03
3.256458962083566729e-03
3.299097134983705604e-03
3.315562962195878725e-03
3.323836657169990452e-03
3.327872495263138608e-03
3.333333333333333547e-03
3.343134490675474853e-03
3.381154274295217546e-03
3.430138459571459558e-03
3.544885816864581842e-03
3.548705954419524404e-03
3.672353880504655894e-03
3.691399040236249818e-03
3.700796533654131422e-03
3.703703703703703845e-03
3.729111592469034134e-03
3.777649909329646415e-03
3.864958140063854547e-03
4.008557503163835516e-03
4.058063935410482354e-03
4.110398172208742408e-03
4.111757275336752268e-03
4.118265936179035629e-03
4.130356783788527095e-03
4.154425911665684569e-03
4.255102438036213394e-03
4.265753444362439806e-03
4.270766602605166780e-03
4.321770700872291579e-03
4.340271529482827087e-03
4.380042536447651715e-03
4.471598347831045456e-03
4.491600833705646292e-03
4.510637308974324057e-03
4.575260670510009758e-03
4.579939373815940760e-03
4.586399231678486843e-03
4.645942941444974189e-03
4.681381052851985025e-03
4.699434769002154219e-03
4.797546612204936674e-03
4.814579881403836456e-03
4.878048780487804874e-03
4.973982246709519189e-03
4.994689992665649406e-03
5.000000000000000104e-03
5.047734105363708978e-03
5.065601818401429396e-03
5.105709859217811425e-03
5.144230769230769863e-03
5.416666666666666852e-03
5.572526934888867231e-03
5.663750560872141647e-03
5.722866920588027748e-03
5.831621000989071178e-03
5.860290670417251865e-03
6.015037593984962766e-03
6.075988450735400441e-03
6.300661648518637165e-03
6.455432494718961640e-03
6.594136883037717174e-03
6.666666666666666227e-03
6.754252056174202094e-03
6.852569245614885396e-03
6.946826211409295147e-03
6.948519831486614159e-03
7.082971676718808132e-03
7.168458781362006295e-03
7.235933631145602743e-03
7.483593660052960395e-03
7.531475443714424726e-03
7.584402411332803393e-03
8.149405772495755054e-03
8.658008658008658001e-03
8.668953904741507482e-03
8.783528528414427314e-03
8.912147531395854874e-03
9.223504648588367466e-03
9.224663504895700902e-03
9.409789207549652812e-03
1.041529146292759569e-02
1.045524950861059267e-02
1.136363636363636395e-02
1.152654018813868871e-02
1.198931682254768434e-02
1.201043466769073816e-02
1.205727463746701818e-02
1.214403291218651114e-02
1.215277777777777624e-02
1.233581209952967946e-02
1.240579089624134317e-02
1.250358196350847932e-02
1.287854097003088283e-02
1.292790700700553914e-02
1.385818645024717438e-02
1.399176954732510303e-02
1.411926379196873534e-02
1.415875722280587196e-02
1.463088927525307142e-02
1.473374026520732523e-02
1.473903274045407913e-02
1.479930488512414856e-02
1.547445008518096889e-02
1.551277864221527018e-02
1.561078784313286311e-02
1.568211573864751809e-02
1.588824500134320902e-02
1.611958942765521346e-02
1.632061241466173027e-02
1.646103596860062912e-02
1.677830923986314143e-02
1.695331278198580760e-02
1.700025624646262640e-02
1.701278728866797638e-02
1.702870262582002400e-02
1.703673285077363098e-02
1.716759453638186383e-02
1.718200983362640558e-02
1.740722606849660903e-02
1.744571122915345579e-02
1.747095706080573074e-02
1.786063260428910615e-02
1.788784007798562004e-02
1.812969994788176525e-02
1.843317972350230413e-02
1.849632760233602125e-02
1.902253603735703374e-02
1.928774442590963992e-02
1.959577772317994127e-02
1.960784313725490169e-02
1.991105720638770837e-02
2.026569677826272828e-02
2.222222222222222307e-02
2.356636715611074712e-02
2.450980392156862711e-02
2.500000000000000139e-02
2.699053328189452913e-02
2.808069211216285971e-02
3.308270676691729001e-02
3.530244641817410073e-02
3.556707101637027191e-02
3.753370578288443837e-02
4.027512294445778629e-02
4.060150375939849954e-02
4.761904761904761640e-02
5.000000000000000278e-02
5.263157894736841813e-02
5.582137161084528565e-02
5.820635841197870086e-02
8.333333333333332871e-02
1.093750000000000000e-01
1.142857142857142821e-01
1.250000000000000000e-01
1.785714285714285754e-01
5.411764705882353699e-01
