1.297000000000000375e-01
1.296000000000000485e-01
1.293999999999999595e-01
1.294999999999999485e-01
1.296000000000000485e-01
1.294999999999999485e-01
1.293999999999999595e-01
1.292999999999999705e-01
1.293999999999999595e-01
1.292999999999999705e-01
1.293999999999999595e-01
1.292999999999999705e-01
1.291999999999999815e-01
1.290999999999999925e-01
1.291999999999999815e-01
1.290999999999999925e-01
1.290000000000000036e-01
1.289000000000000146e-01
1.288000000000000256e-01
1.289000000000000146e-01
1.290000000000000036e-01
1.290999999999999925e-01
1.290000000000000036e-01
1.289000000000000146e-01
1.288000000000000256e-01
1.289000000000000146e-01
1.290000000000000036e-01
1.290999999999999925e-01
1.291999999999999815e-01
1.290999999999999925e-01
1.290000000000000036e-01
1.289000000000000146e-01
1.288000000000000256e-01
1.287000000000000366e-01
1.286000000000000476e-01
1.284999999999999476e-01
1.286000000000000476e-01
1.284999999999999476e-01
1.286000000000000476e-01
1.284999999999999476e-01
1.283999999999999586e-01
1.282999999999999696e-01
1.281999999999999806e-01
1.280999999999999917e-01
1.280000000000000027e-01
1.279000000000000137e-01
1.280000000000000027e-01
1.280999999999999917e-01
1.280000000000000027e-01
1.279000000000000137e-01
1.278000000000000247e-01
1.277000000000000357e-01
1.276000000000000467e-01
1.277000000000000357e-01
1.276000000000000467e-01
1.274999999999999467e-01
1.273999999999999577e-01
1.272999999999999687e-01
1.271999999999999797e-01
1.270999999999999908e-01
1.270000000000000018e-01
1.269000000000000128e-01
1.268000000000000238e-01
1.267000000000000348e-01
1.266000000000000458e-01
1.264999999999999458e-01
1.263999999999999568e-01
1.262999999999999678e-01
1.261999999999999789e-01
1.260999999999999899e-01
1.260000000000000009e-01
1.259000000000000119e-01
1.258000000000000229e-01
1.259000000000000119e-01
1.258000000000000229e-01
1.257000000000000339e-01
1.256000000000000449e-01
1.254999999999999449e-01
1.253999999999999559e-01
1.252999999999999670e-01
1.251999999999999780e-01
1.250999999999999890e-01
1.250000000000000000e-01
1.250999999999999890e-01
1.250000000000000000e-01
1.249000000000000110e-01
1.248000000000000220e-01
1.249000000000000110e-01
1.248000000000000220e-01
1.249000000000000110e-01
1.248000000000000220e-01
1.247000000000000330e-01
1.246000000000000441e-01
1.247000000000000330e-01
1.245000000000000551e-01
1.243999999999999551e-01
1.242999999999999661e-01
1.243999999999999551e-01
1.245000000000000551e-01
1.243999999999999551e-01
1.242999999999999661e-01
1.241999999999999771e-01
1.240999999999999881e-01
1.239999999999999991e-01
1.239000000000000101e-01
1.238000000000000211e-01
1.237000000000000322e-01
1.236000000000000432e-01
1.235000000000000542e-01
1.233999999999999542e-01
1.235000000000000542e-01
1.233999999999999542e-01
1.235000000000000542e-01
1.233999999999999542e-01
1.232999999999999652e-01
1.231999999999999762e-01
1.230999999999999872e-01
1.229999999999999982e-01
1.230999999999999872e-01
1.231999999999999762e-01
1.230999999999999872e-01
1.229999999999999982e-01
1.229000000000000092e-01
1.228000000000000203e-01
1.227000000000000313e-01
1.226000000000000423e-01
1.227000000000000313e-01
1.228000000000000203e-01
1.229000000000000092e-01
1.229999999999999982e-01
1.230999999999999872e-01
1.231999999999999762e-01
1.232999999999999652e-01
1.233999999999999542e-01
1.235000000000000542e-01
1.236000000000000432e-01
1.235000000000000542e-01
1.236000000000000432e-01
1.237000000000000322e-01
1.238000000000000211e-01
1.239000000000000101e-01
1.238000000000000211e-01
1.237000000000000322e-01
1.238000000000000211e-01
1.239000000000000101e-01
1.239999999999999991e-01
1.239000000000000101e-01
1.239999999999999991e-01
1.240999999999999881e-01
1.241999999999999771e-01
1.242999999999999661e-01
1.241999999999999771e-01
1.240999999999999881e-01
1.239999999999999991e-01
1.240999999999999881e-01
1.241999999999999771e-01
1.240999999999999881e-01
1.239999999999999991e-01
1.239000000000000101e-01
1.238000000000000211e-01
1.239000000000000101e-01
1.238000000000000211e-01
1.239000000000000101e-01
1.238000000000000211e-01
1.239000000000000101e-01
1.239999999999999991e-01
1.240999999999999881e-01
1.239999999999999991e-01
1.239000000000000101e-01
1.237000000000000322e-01
1.236000000000000432e-01
1.235000000000000542e-01
1.233999999999999542e-01
1.232999999999999652e-01
1.233999999999999542e-01
1.232999999999999652e-01
1.231999999999999762e-01
1.232999999999999652e-01
1.231999999999999762e-01
1.232999999999999652e-01
1.231999999999999762e-01
1.230999999999999872e-01
1.231999999999999762e-01
1.230999999999999872e-01
1.229999999999999982e-01
1.228000000000000203e-01
1.226000000000000423e-01
1.225000000000000533e-01
1.223999999999999533e-01
1.222999999999999643e-01
1.221999999999999753e-01
1.220999999999999863e-01
1.219999999999999973e-01
1.220999999999999863e-01
1.221999999999999753e-01
1.220999999999999863e-01
1.221999999999999753e-01
1.220999999999999863e-01
1.221999999999999753e-01
1.222999999999999643e-01
1.223999999999999533e-01
1.225000000000000533e-01
1.223999999999999533e-01
1.221999999999999753e-01
1.220999999999999863e-01
1.221999999999999753e-01
1.220999999999999863e-01
1.221999999999999753e-01
1.222999999999999643e-01
1.223999999999999533e-01
1.225000000000000533e-01
1.223999999999999533e-01
1.225000000000000533e-01
1.226000000000000423e-01
1.227000000000000313e-01
1.228000000000000203e-01
1.229000000000000092e-01
1.229999999999999982e-01
1.230999999999999872e-01
1.231999999999999762e-01
1.232999999999999652e-01
1.233999999999999542e-01
1.232999999999999652e-01
1.233999999999999542e-01
1.235000000000000542e-01
1.236000000000000432e-01
1.235000000000000542e-01
1.236000000000000432e-01
1.235000000000000542e-01
1.236000000000000432e-01
1.237000000000000322e-01
1.238000000000000211e-01
1.237000000000000322e-01
1.236000000000000432e-01
1.237000000000000322e-01
1.238000000000000211e-01
1.237000000000000322e-01
1.236000000000000432e-01
1.237000000000000322e-01
1.236000000000000432e-01
1.237000000000000322e-01
1.236000000000000432e-01
1.235000000000000542e-01
1.233999999999999542e-01
1.232999999999999652e-01
1.231999999999999762e-01
1.230999999999999872e-01
1.231999999999999762e-01
1.230999999999999872e-01
1.229999999999999982e-01
1.229000000000000092e-01
1.228000000000000203e-01
1.227000000000000313e-01
1.228000000000000203e-01
1.229000000000000092e-01
1.229999999999999982e-01
1.229000000000000092e-01
1.228000000000000203e-01
1.227000000000000313e-01
1.226000000000000423e-01
1.225000000000000533e-01
1.223999999999999533e-01
1.225000000000000533e-01
1.223999999999999533e-01
1.222999999999999643e-01
1.221999999999999753e-01
1.220999999999999863e-01
1.219999999999999973e-01
1.220999999999999863e-01
1.221999999999999753e-01
1.220999999999999863e-01
1.221999999999999753e-01
1.220999999999999863e-01
1.221999999999999753e-01
1.222999999999999643e-01
1.223999999999999533e-01
1.225000000000000533e-01
1.223999999999999533e-01
1.222999999999999643e-01
1.223999999999999533e-01
1.222999999999999643e-01
1.221999999999999753e-01
1.220999999999999863e-01
1.219999999999999973e-01
1.219000000000000083e-01
1.219999999999999973e-01
1.219000000000000083e-01
1.218000000000000194e-01
1.217000000000000304e-01
1.218000000000000194e-01
1.217000000000000304e-01
1.215000000000000524e-01
1.216000000000000414e-01
1.217000000000000304e-01
1.216000000000000414e-01
1.215000000000000524e-01
1.213999999999999524e-01
1.215000000000000524e-01
1.213999999999999524e-01
1.212999999999999634e-01
1.213999999999999524e-01
1.215000000000000524e-01
1.216000000000000414e-01
1.217000000000000304e-01
1.218000000000000194e-01
1.219000000000000083e-01
1.219999999999999973e-01
1.220999999999999863e-01
1.221999999999999753e-01
1.220999999999999863e-01
1.219999999999999973e-01
1.220999999999999863e-01
1.219999999999999973e-01
1.219000000000000083e-01
1.218000000000000194e-01
1.217000000000000304e-01
1.218000000000000194e-01
1.217000000000000304e-01
1.216000000000000414e-01
1.215000000000000524e-01
1.216000000000000414e-01
1.217000000000000304e-01
1.216000000000000414e-01
1.215000000000000524e-01
1.213999999999999524e-01
1.215000000000000524e-01
1.213999999999999524e-01
1.215000000000000524e-01
1.216000000000000414e-01
1.217000000000000304e-01
1.218000000000000194e-01
1.219000000000000083e-01
1.219999999999999973e-01
1.219000000000000083e-01
1.218000000000000194e-01
1.217000000000000304e-01
1.218000000000000194e-01
1.217000000000000304e-01
1.218000000000000194e-01
1.217000000000000304e-01
1.216000000000000414e-01
1.215000000000000524e-01
1.216000000000000414e-01
1.217000000000000304e-01
1.218000000000000194e-01
1.219000000000000083e-01
1.218000000000000194e-01
1.219000000000000083e-01
1.218000000000000194e-01
1.217000000000000304e-01
1.218000000000000194e-01
1.219000000000000083e-01
1.219999999999999973e-01
1.219000000000000083e-01
1.218000000000000194e-01
1.219000000000000083e-01
1.218000000000000194e-01
1.217000000000000304e-01
1.218000000000000194e-01
1.219000000000000083e-01
1.219999999999999973e-01
1.220999999999999863e-01
1.221999999999999753e-01
1.222999999999999643e-01
1.221999999999999753e-01
1.222999999999999643e-01
1.221999999999999753e-01
1.222999999999999643e-01
1.221999999999999753e-01
1.220999999999999863e-01
1.219999999999999973e-01
1.219000000000000083e-01
1.219999999999999973e-01
1.220999999999999863e-01
1.221999999999999753e-01
1.222999999999999643e-01
1.223999999999999533e-01
1.225000000000000533e-01
1.226000000000000423e-01
1.225000000000000533e-01
1.223999999999999533e-01
1.225000000000000533e-01
1.223999999999999533e-01
1.222999999999999643e-01
1.221999999999999753e-01
1.220999999999999863e-01
1.219999999999999973e-01
1.220999999999999863e-01
1.221999999999999753e-01
1.220999999999999863e-01
1.221999999999999753e-01
1.222999999999999643e-01
1.223999999999999533e-01
1.225000000000000533e-01
1.226000000000000423e-01
1.227000000000000313e-01
1.226000000000000423e-01
1.225000000000000533e-01
1.223999999999999533e-01
1.225000000000000533e-01
1.226000000000000423e-01
1.227000000000000313e-01
1.226000000000000423e-01
1.225000000000000533e-01
1.226000000000000423e-01
1.225000000000000533e-01
1.226000000000000423e-01
1.225000000000000533e-01
1.226000000000000423e-01
1.225000000000000533e-01
1.226000000000000423e-01
1.225000000000000533e-01
1.223999999999999533e-01
1.222999999999999643e-01
1.221999999999999753e-01
1.222999999999999643e-01
1.221999999999999753e-01
1.220999999999999863e-01
1.221999999999999753e-01
1.220999999999999863e-01
1.219999999999999973e-01
1.219000000000000083e-01
1.218000000000000194e-01
1.217000000000000304e-01
1.218000000000000194e-01
1.219000000000000083e-01
1.219999999999999973e-01
1.220999999999999863e-01
1.221999999999999753e-01
1.222999999999999643e-01
1.223999999999999533e-01
1.225000000000000533e-01
1.223999999999999533e-01
1.222999999999999643e-01
1.221999999999999753e-01
1.220999999999999863e-01
1.219999999999999973e-01
1.219000000000000083e-01
1.219999999999999973e-01
1.219000000000000083e-01
1.218000000000000194e-01
1.219000000000000083e-01
1.218000000000000194e-01
1.219000000000000083e-01
1.218000000000000194e-01
1.219000000000000083e-01
1.219999999999999973e-01
1.219000000000000083e-01
1.219999999999999973e-01
1.220999999999999863e-01
1.221999999999999753e-01
1.220999999999999863e-01
1.219999999999999973e-01
1.220999999999999863e-01
1.221999999999999753e-01
1.220999999999999863e-01
1.221999999999999753e-01
1.220999999999999863e-01
1.219999999999999973e-01
1.219000000000000083e-01
1.218000000000000194e-01
1.217000000000000304e-01
1.216000000000000414e-01
1.215000000000000524e-01
1.213999999999999524e-01
1.212999999999999634e-01
1.213999999999999524e-01
1.212999999999999634e-01
1.213999999999999524e-01
1.215000000000000524e-01
1.213999999999999524e-01
1.212999999999999634e-01
1.213999999999999524e-01
1.215000000000000524e-01
1.216000000000000414e-01
1.217000000000000304e-01
1.218000000000000194e-01
1.217000000000000304e-01
1.218000000000000194e-01
1.219000000000000083e-01
1.219999999999999973e-01
1.219000000000000083e-01
1.218000000000000194e-01
1.217000000000000304e-01
1.218000000000000194e-01
1.217000000000000304e-01
1.218000000000000194e-01
1.217000000000000304e-01
1.218000000000000194e-01
1.217000000000000304e-01
1.218000000000000194e-01
1.217000000000000304e-01
1.216000000000000414e-01
1.217000000000000304e-01
1.218000000000000194e-01
1.219000000000000083e-01
1.219999999999999973e-01
1.219000000000000083e-01
1.218000000000000194e-01
1.216000000000000414e-01
1.215000000000000524e-01
1.216000000000000414e-01
1.217000000000000304e-01
1.218000000000000194e-01
1.219000000000000083e-01
1.219999999999999973e-01
1.220999999999999863e-01
1.221999999999999753e-01
1.220999999999999863e-01
1.219999999999999973e-01
1.220999999999999863e-01
1.219999999999999973e-01
1.220999999999999863e-01
1.219999999999999973e-01
1.219000000000000083e-01
1.218000000000000194e-01
1.219000000000000083e-01
1.218000000000000194e-01
1.217000000000000304e-01
1.216000000000000414e-01
1.215000000000000524e-01
1.216000000000000414e-01
1.217000000000000304e-01
1.216000000000000414e-01
1.217000000000000304e-01
1.218000000000000194e-01
1.217000000000000304e-01
1.216000000000000414e-01
1.217000000000000304e-01
1.216000000000000414e-01
1.217000000000000304e-01
1.216000000000000414e-01
1.215000000000000524e-01
1.213999999999999524e-01
1.212999999999999634e-01
1.211999999999999744e-01
1.210999999999999854e-01
1.209999999999999964e-01
1.209000000000000075e-01
1.209999999999999964e-01
1.209000000000000075e-01
1.209999999999999964e-01
1.209000000000000075e-01
1.208000000000000185e-01
1.207000000000000295e-01
1.208000000000000185e-01
1.207000000000000295e-01
1.208000000000000185e-01
1.209000000000000075e-01
1.208000000000000185e-01
1.209000000000000075e-01
1.208000000000000185e-01
1.209000000000000075e-01
1.208000000000000185e-01
1.207000000000000295e-01
1.206000000000000405e-01
1.207000000000000295e-01
1.208000000000000185e-01
1.207000000000000295e-01
1.206000000000000405e-01
1.205000000000000515e-01
1.203999999999999515e-01
1.202999999999999625e-01
1.201999999999999735e-01
1.200999999999999845e-01
1.201999999999999735e-01
1.200999999999999845e-01
1.201999999999999735e-01
1.202999999999999625e-01
1.201999999999999735e-01
1.200999999999999845e-01
1.199999999999999956e-01
1.199000000000000066e-01
1.198000000000000176e-01
1.197000000000000286e-01
1.196000000000000396e-01
1.195000000000000506e-01
1.193999999999999506e-01
1.192999999999999616e-01
1.191999999999999726e-01
1.192999999999999616e-01
1.191999999999999726e-01
1.190999999999999837e-01
1.189999999999999947e-01
1.189000000000000057e-01
1.188000000000000167e-01
1.187000000000000277e-01
1.186000000000000387e-01
1.185000000000000497e-01
1.183999999999999497e-01
1.185000000000000497e-01
1.183999999999999497e-01
1.182999999999999607e-01
1.181999999999999718e-01
1.182999999999999607e-01
1.181999999999999718e-01
1.180999999999999828e-01
1.181999999999999718e-01
1.180999999999999828e-01
1.181999999999999718e-01
1.180999999999999828e-01
1.179999999999999938e-01
1.179000000000000048e-01
1.178000000000000158e-01
1.177000000000000268e-01
1.178000000000000158e-01
1.177000000000000268e-01
1.176000000000000378e-01
1.175000000000000488e-01
1.173999999999999488e-01
1.172999999999999599e-01
1.171999999999999709e-01
1.170999999999999819e-01
1.169999999999999929e-01
1.169000000000000039e-01
1.169999999999999929e-01
1.170999999999999819e-01
1.169999999999999929e-01
1.169000000000000039e-01
1.168000000000000149e-01
1.167000000000000259e-01
1.168000000000000149e-01
1.167000000000000259e-01
1.166000000000000369e-01
1.167000000000000259e-01
1.166000000000000369e-01
1.166000000000000369e-01
1.165000000000000480e-01
1.163999999999999480e-01
1.165000000000000480e-01
1.163999999999999480e-01
1.165000000000000480e-01
1.166000000000000369e-01
1.165000000000000480e-01
1.166000000000000369e-01
1.165000000000000480e-01
1.163999999999999480e-01
1.162999999999999590e-01
1.161999999999999700e-01
1.160999999999999810e-01
1.161999999999999700e-01
1.160999999999999810e-01
1.159999999999999920e-01
1.159000000000000030e-01
1.158000000000000140e-01
1.157000000000000250e-01
1.158000000000000140e-01
1.157000000000000250e-01
1.156000000000000361e-01
1.155000000000000471e-01
1.153999999999999471e-01
1.152999999999999581e-01
1.153999999999999471e-01
1.152999999999999581e-01
1.151999999999999691e-01
1.150999999999999801e-01
1.149999999999999911e-01
1.149000000000000021e-01
1.149000000000000021e-01
1.148000000000000131e-01
1.147000000000000242e-01
1.146000000000000352e-01
1.145000000000000462e-01
1.143999999999999462e-01
1.145000000000000462e-01
1.143999999999999462e-01
1.145000000000000462e-01
1.143999999999999462e-01
1.141999999999999682e-01
1.140999999999999792e-01
1.139999999999999902e-01
1.138000000000000123e-01
1.137000000000000233e-01
1.138000000000000123e-01
1.137000000000000233e-01
1.136000000000000343e-01
1.135000000000000453e-01
1.133999999999999453e-01
1.131999999999999673e-01
1.130999999999999783e-01
1.129999999999999893e-01
1.130999999999999783e-01
1.131999999999999673e-01
1.130999999999999783e-01
1.129999999999999893e-01
1.129000000000000004e-01
1.129999999999999893e-01
1.130999999999999783e-01
1.129999999999999893e-01
1.129000000000000004e-01
1.129999999999999893e-01
1.129000000000000004e-01
1.128000000000000114e-01
1.127000000000000224e-01
1.128000000000000114e-01
1.127000000000000224e-01
1.126000000000000334e-01
1.125000000000000444e-01
1.126000000000000334e-01
1.125000000000000444e-01
1.124000000000000554e-01
1.125000000000000444e-01
1.124000000000000554e-01
1.125000000000000444e-01
1.124000000000000554e-01
1.122999999999999554e-01
1.121999999999999664e-01
1.120999999999999774e-01
1.119999999999999885e-01
1.118999999999999995e-01
1.119999999999999885e-01
1.118999999999999995e-01
1.118000000000000105e-01
1.117000000000000215e-01
1.116000000000000325e-01
1.115000000000000435e-01
1.114000000000000545e-01
1.112999999999999545e-01
1.111999999999999655e-01
1.110999999999999766e-01
1.109999999999999876e-01
1.110999999999999766e-01
1.111999999999999655e-01
1.110999999999999766e-01
1.111999999999999655e-01
1.112999999999999545e-01
1.111999999999999655e-01
1.110999999999999766e-01
1.109999999999999876e-01
1.110999999999999766e-01
1.109999999999999876e-01
1.108999999999999986e-01
1.108000000000000096e-01
1.107000000000000206e-01
1.108000000000000096e-01
1.107000000000000206e-01
1.106000000000000316e-01
1.105000000000000426e-01
1.106000000000000316e-01
1.105000000000000426e-01
1.104000000000000536e-01
1.105000000000000426e-01
1.106000000000000316e-01
1.105000000000000426e-01
1.104000000000000536e-01
1.102999999999999536e-01
1.101999999999999647e-01
1.102999999999999536e-01
1.101999999999999647e-01
1.100999999999999757e-01
1.099999999999999867e-01
1.098999999999999977e-01
1.098000000000000087e-01
1.097000000000000197e-01
1.096000000000000307e-01
1.097000000000000197e-01
1.096000000000000307e-01
1.097000000000000197e-01
1.096000000000000307e-01
1.095000000000000417e-01
1.094000000000000528e-01
1.095000000000000417e-01
1.094000000000000528e-01
1.092999999999999527e-01
1.091999999999999638e-01
1.090999999999999748e-01
1.089999999999999858e-01
1.088999999999999968e-01
1.089999999999999858e-01
1.090999999999999748e-01
1.091999999999999638e-01
1.090999999999999748e-01
1.089999999999999858e-01
1.088999999999999968e-01
1.089999999999999858e-01
1.088999999999999968e-01
1.088000000000000078e-01
1.087000000000000188e-01
1.086000000000000298e-01
1.087000000000000188e-01
1.086000000000000298e-01
1.085000000000000409e-01
1.084000000000000519e-01
1.085000000000000409e-01
1.084000000000000519e-01
1.085000000000000409e-01
1.084000000000000519e-01
1.082999999999999519e-01
1.081999999999999629e-01
1.080999999999999739e-01
1.081999999999999629e-01
1.080999999999999739e-01
1.081999999999999629e-01
1.082999999999999519e-01
1.081999999999999629e-01
1.082999999999999519e-01
1.081999999999999629e-01
1.080999999999999739e-01
1.079999999999999849e-01
1.078999999999999959e-01
1.078000000000000069e-01
1.077000000000000179e-01
1.076000000000000290e-01
1.075000000000000400e-01
1.076000000000000290e-01
1.077000000000000179e-01
1.076000000000000290e-01
1.075000000000000400e-01
1.076000000000000290e-01
1.075000000000000400e-01
1.074000000000000510e-01
1.072999999999999510e-01
1.071999999999999620e-01
1.070999999999999730e-01
1.069999999999999840e-01
1.068999999999999950e-01
1.069999999999999840e-01
1.070999999999999730e-01
1.069999999999999840e-01
1.068999999999999950e-01
1.069999999999999840e-01
1.070999999999999730e-01
1.069999999999999840e-01
1.068999999999999950e-01
1.069999999999999840e-01
1.070999999999999730e-01
1.071999999999999620e-01
1.070999999999999730e-01
1.071999999999999620e-01
1.070999999999999730e-01
1.069999999999999840e-01
1.070999999999999730e-01
1.071999999999999620e-01
1.070999999999999730e-01
1.069999999999999840e-01
1.068999999999999950e-01
1.069999999999999840e-01
1.068999999999999950e-01
1.068000000000000060e-01
1.068999999999999950e-01
1.069999999999999840e-01
1.070999999999999730e-01
1.071999999999999620e-01
1.070999999999999730e-01
1.069999999999999840e-01
1.068999999999999950e-01
1.069999999999999840e-01
1.068999999999999950e-01
1.068000000000000060e-01
1.068999999999999950e-01
1.068000000000000060e-01
1.067000000000000171e-01
1.066000000000000281e-01
1.067000000000000171e-01
1.068000000000000060e-01
1.067000000000000171e-01
1.068000000000000060e-01
1.067000000000000171e-01
1.066000000000000281e-01
1.065000000000000391e-01
1.066000000000000281e-01
1.067000000000000171e-01
1.066000000000000281e-01
1.065000000000000391e-01
1.064000000000000501e-01
1.062999999999999501e-01
1.061999999999999611e-01
1.060999999999999721e-01
1.061999999999999611e-01
1.062999999999999501e-01
1.061999999999999611e-01
1.060999999999999721e-01
1.061999999999999611e-01
1.060999999999999721e-01
1.061999999999999611e-01
1.062999999999999501e-01
1.061999999999999611e-01
1.062999999999999501e-01
1.064000000000000501e-01
1.062999999999999501e-01
1.064000000000000501e-01
1.062999999999999501e-01
1.064000000000000501e-01
1.065000000000000391e-01
1.064000000000000501e-01
1.065000000000000391e-01
1.066000000000000281e-01
1.067000000000000171e-01
1.066000000000000281e-01
1.067000000000000171e-01
1.066000000000000281e-01
1.067000000000000171e-01
1.068000000000000060e-01
1.068999999999999950e-01
1.069999999999999840e-01
1.068999999999999950e-01
1.069999999999999840e-01
1.070999999999999730e-01
1.069999999999999840e-01
1.068999999999999950e-01
1.067000000000000171e-01
1.066000000000000281e-01
1.065000000000000391e-01
1.064000000000000501e-01
1.065000000000000391e-01
1.064000000000000501e-01
1.065000000000000391e-01
1.064000000000000501e-01
1.062999999999999501e-01
1.061999999999999611e-01
1.062999999999999501e-01
1.061999999999999611e-01
1.060999999999999721e-01
1.059999999999999831e-01
1.058999999999999941e-01
1.059999999999999831e-01
1.058999999999999941e-01
1.058000000000000052e-01
1.057000000000000162e-01
1.058000000000000052e-01
1.058999999999999941e-01
1.059999999999999831e-01
1.058999999999999941e-01
1.058000000000000052e-01
1.057000000000000162e-01
1.056000000000000272e-01
1.055000000000000382e-01
1.056000000000000272e-01
1.055000000000000382e-01
1.054000000000000492e-01
1.052999999999999492e-01
1.051999999999999602e-01
1.050999999999999712e-01
1.049999999999999822e-01
1.048999999999999932e-01
1.048000000000000043e-01
1.047000000000000153e-01
1.046000000000000263e-01
1.045000000000000373e-01
1.044000000000000483e-01
1.042999999999999483e-01
1.041999999999999593e-01
1.040999999999999703e-01
1.039999999999999813e-01
1.038999999999999924e-01
1.038000000000000034e-01
1.037000000000000144e-01
1.036000000000000254e-01
1.035000000000000364e-01
1.034000000000000474e-01
1.032999999999999474e-01
1.031999999999999584e-01
1.030999999999999694e-01
1.029999999999999805e-01
1.028999999999999915e-01
1.028000000000000025e-01
1.027000000000000135e-01
1.026000000000000245e-01
1.025000000000000355e-01
1.024000000000000465e-01
1.022999999999999465e-01
1.021999999999999575e-01
1.020999999999999686e-01
1.019999999999999796e-01
1.020999999999999686e-01
1.019999999999999796e-01
1.018999999999999906e-01
1.018000000000000016e-01
1.017000000000000126e-01
1.016000000000000236e-01
1.015000000000000346e-01
1.014000000000000457e-01
1.012999999999999456e-01
1.011999999999999567e-01
1.010999999999999677e-01
1.009999999999999787e-01
1.008999999999999897e-01
1.009999999999999787e-01
1.008999999999999897e-01
1.008000000000000007e-01
1.007000000000000117e-01
1.006000000000000227e-01
1.007000000000000117e-01
1.006000000000000227e-01
1.007000000000000117e-01
1.006000000000000227e-01
1.005000000000000338e-01
1.004000000000000448e-01
1.005000000000000338e-01
1.004000000000000448e-01
1.002999999999999448e-01
1.001999999999999558e-01
1.002999999999999448e-01
1.001999999999999558e-01
1.000999999999999668e-01
9.999999999999997780e-02
1.000999999999999668e-01
9.999999999999997780e-02
9.989999999999998881e-02
9.979999999999999982e-02
9.989999999999998881e-02
9.999999999999997780e-02
1.000999999999999668e-01
1.001999999999999558e-01
1.000999999999999668e-01
1.001999999999999558e-01
1.000999999999999668e-01
9.999999999999997780e-02
